0.287104 0.289226 -0.433172 -0.058869 -0.133991 -0.336757 0.010714
0.289226 0.861203 -0.351795 -0.823428 -0.722787 -0.046754 -0.583596
-0.433172 -0.351795 1.724535 -0.101560 0.600411 0.829450 0.056269
-0.058869 -0.823428 -0.101560 1.080969 0.808204 -0.348850 0.778065
-0.133991 -0.722787 0.600411 0.808204 0.911585 -0.020994 0.678151
-0.336757 -0.046754 0.829450 -0.348850 -0.020994 0.618896 -0.274748
0.010714 -0.583596 0.056269 0.778065 0.678151 -0.274748 0.645456
20.101446 -70.468886 -31.206376 96.846802 -16.036369 -90.029598 110.801971
-70.468886 743.591148 441.826919 -1205.399436 247.784114 957.188012 -522.572168
-31.206376 441.826919 291.377699 -755.909467 167.370970 607.919974 -268.929904
96.846802 -1205.399436 -755.909467 2030.435133 -429.556455 -1611.492620 791.067648
-16.036369 247.784114 167.370970 -429.556455 98.135422 343.563069 -144.173811
-90.029598 957.188012 607.919974 -1611.492620 343.563069 1315.434681 -691.807258
110.801971 -522.572168 -268.929904 791.067648 -144.173811 -691.807258 659.983713
0.525181 0.005723 -0.078139 0.365645 -0.183490 -0.460904 0.213494
0.005723 1.006554 0.042414 -0.685361 -1.327341 -0.941195 0.972367
-0.078139 0.042414 0.161424 0.090772 0.161942 0.033824 0.008766
0.365645 -0.685361 0.090772 1.128194 1.510569 0.248910 -0.433293
-0.183490 -1.327341 0.161942 1.510569 3.361507 1.199493 -1.136634
-0.460904 -0.941195 0.033824 0.248910 1.199493 1.306568 -1.123160
0.213494 0.972367 0.008766 -0.433293 -1.136634 -1.123160 1.057755
0.639105 0.471145 0.187789 -0.690230 -0.086277 -0.524846 0.217694
0.471145 5.443692 0.912820 -6.194873 -0.664794 -0.864074 0.323610
0.187789 0.912820 1.079059 -1.253928 0.165851 0.617593 -0.935906
-0.690230 -6.194873 -1.253928 8.590842 1.392675 1.682540 -0.932463
-0.086277 -0.664794 0.165851 1.392675 1.163953 1.017967 1.612718
-0.524846 -0.864074 0.617593 1.682540 1.017967 1.764864 -0.584348
0.217694 0.323610 -0.935906 -0.932463 1.612718 -0.584348 9.641744
3.644635 1.742469 0.322214 -1.218253 -5.960044 -5.303553 4.656627
1.742469 15.536892 -0.938530 -15.985571 -0.440845 -1.495009 4.618913
0.322214 -0.938530 1.895125 2.971489 -3.540366 0.845394 -0.880372
-1.218253 -15.985571 2.971489 20.348140 1.175910 4.962301 -7.141100
-5.960044 -0.440845 -3.540366 1.175910 31.598054 19.432886 6.268884
-5.303553 -1.495009 0.845394 4.962301 19.432886 20.457809 13.286138
4.656627 4.618913 -0.880372 -7.141100 6.268884 13.286138 88.986168
3.390626 -2.926126 1.503647 -2.673373 -1.917279 1.071152 0.208569
-2.926126 24.511293 18.139819 -15.941977 -8.984208 4.657400 1.908459
1.503647 18.139819 18.492951 -17.111669 -8.961078 6.776024 2.040703
-2.673373 -15.941977 -17.111669 17.359348 10.719020 -5.034063 -1.652413
-1.917279 -8.984208 -8.961078 10.719020 9.373346 -0.287458 -0.464539
1.071152 4.657400 6.776024 -5.034063 -0.287458 4.811531 1.232623
0.208569 1.908459 2.040703 -1.652413 -0.464539 1.232623 2.797819
2.096095 2.612101 0.073879 -1.495018 -1.417125 -1.830171 1.951802
2.612101 13.595841 -0.135784 -14.225137 -5.375529 -3.984011 5.556621
0.073879 -0.135784 2.067240 2.679985 -1.987117 2.172636 -0.353710
-1.495018 -14.225137 2.679985 18.887067 2.576829 5.431884 -7.849531
-1.417125 -5.375529 -1.987117 2.576829 12.905679 5.355449 11.940281
-1.830171 -3.984011 2.172636 5.431884 5.355449 9.034384 12.679249
1.951802 5.556621 -0.353710 -7.849531 11.940281 12.679249 59.493471
6.035366 4.451427 11.577568 -12.180842 2.060537 6.892189 6.779372
4.451427 84.132005 70.777804 -87.572099 4.685215 29.441160 4.743985
11.577568 70.777804 79.094084 -82.930147 6.648842 51.948813 9.708552
-12.180842 -87.572099 -82.930147 133.614154 59.588110 19.846198 353.476012
2.060537 4.685215 6.648842 59.588110 294.305504 122.469391 732.106918
6.892189 29.441160 51.948813 19.846198 122.469391 153.999790 624.330602
6.779372 4.743985 9.708552 353.476012 732.106918 624.330602 4170.972172
0.417537 0.163403 0.037684 -0.212764 0.251142 -0.382683 0.151553
0.163403 6.055046 0.842853 -7.290643 0.674815 -0.543020 -0.362489
0.037684 0.842853 1.003482 -0.959065 0.470461 0.815513 -1.490651
-0.212764 -7.290643 -0.959065 10.364311 -1.385477 1.239738 -0.417460
0.251142 0.674815 0.470461 -1.385477 1.228487 0.069853 1.624548
-0.382683 -0.543020 0.815513 1.239738 0.069853 1.503136 -1.388590
0.151553 -0.362489 -1.490651 -0.417460 1.624548 -1.388590 8.320909
0.972232 -0.157689 -0.116145 0.582490 0.681637 -0.608113 1.370160
-0.157689 6.203185 -0.694206 -5.681149 -1.804710 -2.392770 0.613836
-0.116145 -0.694206 2.077926 3.146210 -0.956785 2.407846 -1.464029
0.582490 -5.681149 3.146210 8.819586 0.668818 4.832108 -0.956832
0.681637 -1.804710 -0.956785 0.668818 2.554028 0.811978 9.061116
-0.608113 -2.392770 2.407846 4.832108 0.811978 6.311096 9.446525
1.370160 0.613836 -1.464029 -0.956832 9.061116 9.446525 61.479992
6.787828 11.946257 18.398592 -20.786028 0.402319 10.280220 6.318352
11.946257 105.592211 104.376878 -122.387828 -5.262589 63.313579 -5.841216
18.398592 104.376878 123.972185 -126.896395 -5.506927 91.388098 -2.621754
-20.786028 -122.387828 -126.896395 189.889834 55.086421 -7.657402 436.748767
0.402319 -5.262589 -5.506927 55.086421 70.499956 79.368617 580.842565
10.280220 63.313579 91.388098 -7.657402 79.368617 197.292054 727.836331
6.318352 -5.841216 -2.621754 436.748767 580.842565 727.836331 5049.378855
1.296519 0.664928 1.027820 -2.360573 -1.640695 -2.267051 -1.201063
0.664928 6.987338 1.436739 -7.469209 -1.028655 1.743451 -0.653831
1.027820 1.436739 1.995715 -3.586788 -1.389844 -0.553481 -3.201491
-2.360573 -7.469209 -3.586788 12.605469 5.016141 2.469710 3.037853
-1.640695 -1.028655 -1.389844 5.016141 6.166010 5.536704 6.572241
-2.267051 1.743451 -0.553481 2.469710 5.536704 8.139894 1.829545
-1.201063 -0.653831 -3.201491 3.037853 6.572241 1.829545 22.775072
37.913607 74.592377 90.013579 -150.514183 -14.831186 7.333118 24.161605
74.592377 216.373711 226.247367 -391.934219 3.884259 52.053517 -137.185338
90.013579 226.247367 251.654807 -429.117552 -3.219303 55.486969 -129.200898
-150.514183 -391.934219 -429.117552 737.173841 -7.177166 -97.384550 232.704310
-14.831186 3.884259 -3.219303 -7.177166 85.317214 55.998189 -254.176660
7.333118 52.053517 55.486969 -97.384550 55.998189 66.760523 -298.284847
24.161605 -137.185338 -129.200898 232.704310 -254.176660 -298.284847 1524.177609
0.451893 0.494864 -0.298696 -0.392383 0.007559 -0.351135 0.073273
0.494864 0.927982 -0.090707 -0.995110 -0.319541 -0.098371 -0.203616
-0.298696 -0.090707 0.847087 -0.096639 0.013977 0.456232 -0.172484
-0.392383 -0.995110 -0.096639 1.443734 0.337292 -0.153266 0.275906
0.007559 -0.319541 0.013977 0.337292 0.437506 -0.209256 0.300057
-0.351135 -0.098371 0.456232 -0.153266 -0.209256 0.494973 -0.252075
0.073273 -0.203616 -0.172484 0.275906 0.300057 -0.252075 0.246098
0.666490 -0.811024 -0.765086 -0.493210 0.545006 -1.958087 2.193280
-0.811024 18.843945 -1.041523 -5.488274 -2.803144 -5.845265 2.885072
-0.765086 -1.041523 1.836506 0.913143 0.005336 3.164423 -2.456377
-0.493210 -5.488274 0.913143 3.941462 1.128824 4.629168 -3.558050
0.545006 -2.803144 0.005336 1.128824 1.666925 -0.401520 1.730414
-1.958087 -5.845265 3.164423 4.629168 -0.401520 9.782693 -9.062775
2.193280 2.885072 -2.456377 -3.558050 1.730414 -9.062775 9.753056
0.903853 0.006074 -0.475596 0.300791 -0.099776 -1.251975 0.950015
0.006074 1.645142 0.186621 -1.138128 -2.008688 -0.998372 1.187268
-0.475596 0.186621 0.670670 0.157647 -0.232105 0.858464 -0.758229
0.300791 -1.138128 0.157647 1.700438 2.136722 0.404574 -0.691188
-0.099776 -2.008688 -0.232105 2.136722 4.749464 0.713135 -0.801974
-1.251975 -0.998372 0.858464 0.404574 0.713135 2.730717 -2.516891
0.950015 1.187268 -0.758229 -0.691188 -0.801974 -2.516891 2.446837
0.336986 0.385277 -0.474664 -0.191277 -0.179044 -0.366796 -0.033158
0.385277 0.904953 -0.495135 -0.821810 -0.686914 -0.138214 -0.524540
-0.474664 -0.495135 1.885432 -0.001662 0.667502 0.843361 0.164005
-0.191277 -0.821810 -0.001662 1.125368 0.686917 -0.272749 0.616483
-0.179044 -0.686914 0.667502 0.686917 0.781782 0.004372 0.585846
-0.366796 -0.138214 0.843361 -0.272749 0.004372 0.663670 -0.215637
-0.033158 -0.524540 0.164005 0.616483 0.585846 -0.215637 0.536307
0.636787 0.058889 -0.197892 0.253067 -0.150676 -0.738954 0.480723
0.058889 1.194308 0.022331 -0.808368 -1.654742 -1.029515 1.066332
-0.197892 0.022331 0.246988 0.156076 -0.025174 0.329622 -0.289190
0.253067 -0.808368 0.156076 1.300576 1.620377 0.331133 -0.516727
-0.150676 -1.654742 -0.025174 1.620377 3.574984 0.944973 -0.919567
-0.738954 -1.029515 0.329622 0.331133 0.944973 1.963673 -1.762332
0.480723 1.066332 -0.289190 -0.516727 -0.919567 -1.762332 1.679894
16.253433 -45.537631 -19.314876 61.464143 -5.141776 -68.024158 89.781609
-45.537631 475.330966 272.191544 -778.324545 113.854716 667.519534 -370.676750
-19.314876 272.191544 191.297031 -489.317410 83.205965 440.436262 -189.658123
61.464143 -778.324545 -489.317410 1354.754513 -210.350249 -1171.788096 574.365354
-5.141776 113.854716 83.205965 -210.350249 41.224854 179.207491 -64.132722
-68.024158 667.519534 440.436262 -1171.788096 179.207491 1075.304631 -569.865295
89.781609 -370.676750 -189.658123 574.365354 -64.132722 -569.865295 554.007207
0.443060 0.539616 -0.094640 -0.572435 -0.052726 -0.177259 -0.018886
0.539616 0.913343 0.106487 -1.246046 -0.361189 0.311455 -0.556114
-0.094640 0.106487 0.445627 -0.318292 -0.314938 0.372349 -0.272348
-0.572435 -1.246046 -0.318292 2.201134 0.793765 -0.803305 0.949344
-0.052726 -0.361189 -0.314938 0.793765 0.459469 -0.475853 0.433792
-0.177259 0.311455 0.372349 -0.803305 -0.475853 1.294496 -1.319574
-0.018886 -0.556114 -0.272348 0.949344 0.433792 -1.319574 1.509227
17.143788 -45.290535 -18.218561 59.995765 -3.979819 -68.099615 94.216591
-45.290535 478.799602 275.203804 -784.393811 116.700991 670.718787 -369.370064
-18.218561 275.203804 194.406125 -495.305061 86.652070 441.906919 -184.011086
59.995765 -784.393811 -495.305061 1366.436740 -216.299116 -1176.527021 566.994378
-3.979819 116.700991 86.652070 -216.299116 44.779414 181.017526 -58.008912
-68.099615 670.718787 441.906919 -1176.527021 181.017526 1077.025230 -570.470791
94.216591 -369.370064 -184.011086 566.994378 -58.008912 -570.470791 576.376686
1.054606 -1.174190 -0.193904 1.231508 0.740581 -0.172832 0.075325
-1.174190 2.887496 0.558436 -1.971080 -3.403305 -0.588110 0.237338
-0.193904 0.558436 0.229003 -0.079115 -0.382434 -0.016990 -0.099554
1.231508 -1.971080 -0.079115 2.537572 3.318552 0.252617 -0.236201
0.740581 -3.403305 -0.382434 3.318552 8.017085 1.064073 -0.351712
-0.172832 -0.588110 -0.016990 0.252617 1.064073 0.602031 -0.414599
0.075325 0.237338 -0.099554 -0.236201 -0.351712 -0.414599 0.386052
0.650652 0.815916 -0.728403 -0.426886 -0.315136 -1.213257 0.536871
0.815916 2.641951 -0.686583 -2.320851 -1.415826 -1.520433 0.840935
-0.728403 -0.686583 2.698842 -0.198590 1.306602 3.051075 -1.773063
-0.426886 -2.320851 -0.198590 3.145362 0.859888 -0.229416 0.279624
-0.315136 -1.415826 1.306602 0.859888 2.168862 1.531969 -0.800648
-1.213257 -1.520433 3.051075 -0.229416 1.531969 4.396533 -2.673447
0.536871 0.840935 -1.773063 0.279624 -0.800648 -2.673447 1.869873
38.780056 138.730069 -164.652583 -97.720602 -15.351731 -104.180626 -35.507884
138.730069 503.072420 -602.371281 -353.576864 -55.410332 -383.033910 -133.045483
-164.652583 -602.371281 726.096273 423.323968 66.470519 463.685649 162.737427
-97.720602 -353.576864 423.323968 250.940991 40.164360 270.159050 93.198787
-15.351731 -55.410332 66.470519 40.164360 6.722533 42.811835 14.578867
-104.180626 -383.033910 463.685649 270.159050 42.811835 297.329966 104.789165
-35.507884 -133.045483 162.737427 93.198787 14.578867 104.789165 37.922264
0.802793 0.939916 -0.588293 -0.638632 0.009943 -1.445861 1.142382
0.939916 2.370490 -1.063119 -1.417544 0.432156 -1.103226 0.112588
-0.588293 -1.063119 4.092192 -0.955355 1.317348 0.718687 1.730911
-0.638632 -1.417544 -0.955355 2.073326 -1.003562 1.705552 -2.407472
0.009943 0.432156 1.317348 -1.003562 2.229381 -1.607464 2.235996
-1.445861 -1.103226 0.718687 1.705552 -1.607464 5.793801 -6.144007
1.142382 0.112588 1.730911 -2.407472 2.235996 -6.144007 8.357673
0.965142 0.388433 0.032186 -0.735307 0.387876 -0.452346 0.475028
0.388433 2.932338 0.490034 -2.270114 -2.799020 -0.889414 1.086843
0.032186 0.490034 0.509501 -0.345886 0.014843 0.262321 0.025025
-0.735307 -2.270114 -0.345886 3.258453 1.795464 -0.112037 -0.607883
0.387876 -2.799020 0.014843 1.795464 4.714306 0.694164 -0.238259
-0.452346 -0.889414 0.262321 -0.112037 0.694164 1.680864 -1.219273
0.475028 1.086843 0.025025 -0.607883 -0.238259 -1.219273 1.316967
22.705307 -132.137708 -71.602542 194.615449 -54.505668 -143.813808 125.660615
-132.137708 1524.825528 904.528740 -2392.744360 696.875539 1615.475837 -854.508783
-71.602542 904.528740 568.249978 -1455.147887 438.824282 994.095766 -476.065074
194.615449 -2392.744360 -1455.147887 3821.188149 -1123.588235 -2580.832930 1298.965953
-54.505668 696.875539 438.824282 -1123.588235 342.144647 761.578705 -362.510528
-143.813808 1615.475837 994.095766 -2580.832930 761.578705 1780.460790 -934.648684
125.660615 -854.508783 -476.065074 1298.965953 -362.510528 -934.648684 728.376310
2.554365 1.169213 -5.165652 1.424625 -2.666194 -10.571389 9.997365
1.169213 4.893955 -5.304683 -9.979235 -1.929682 -4.499840 -3.702226
-5.165652 -5.304683 17.575454 5.658518 7.661597 26.420738 -15.712310
1.424625 -9.979235 5.658518 27.125047 0.799783 -5.274267 25.189354
-2.666194 -1.929682 7.661597 0.799783 3.702939 12.919974 -10.118467
-10.571389 -4.499840 26.420738 -5.274267 12.919974 49.238215 -43.507285
9.997365 -3.702226 -15.712310 25.189354 -10.118467 -43.507285 57.446931
1.693782 1.074883 -1.053024 -0.947199 -0.372249 1.452803 -1.913508
1.074883 1.099265 -0.497113 -1.363837 0.041223 0.100126 -0.303354
-1.053024 -0.497113 1.698375 0.308279 0.093268 -3.609648 4.197078
-0.947199 -1.363837 0.308279 2.245040 0.071169 0.283728 -0.294701
-0.372249 0.041223 0.093268 0.071169 2.506045 -0.737489 0.366487
1.452803 0.100126 -3.609648 0.283728 -0.737489 8.973213 -10.051919
-1.913508 -0.303354 4.197078 -0.294701 0.366487 -10.051919 11.449932
5.220312 0.299193 -7.547546 0.968201 -2.281108 3.780153 -6.343278
0.299193 7.150295 -1.231350 -6.107149 -4.017903 0.153858 -0.626828
-7.547546 -1.231350 14.735603 1.736070 5.533203 -7.803109 12.074841
0.968201 -6.107149 1.736070 8.110181 6.248878 -0.346526 0.798818
-2.281108 -4.017903 5.533203 6.248878 8.519813 -1.825553 4.014326
3.780153 0.153858 -7.803109 -0.346526 -1.825553 4.398348 -6.454749
-6.343278 -0.626828 12.074841 0.798818 4.014326 -6.454749 9.948716
1658.511336 3202.455519 -2387.048271 -2887.901214 1228.328469 2411.471128 -3049.207127
3202.455519 6922.899617 -5561.570495 -5910.095598 2149.307490 4135.112502 -6535.177271
-2387.048271 -5561.570495 4696.171063 4614.768616 -1463.218141 -2552.765014 5014.894117
-2887.901214 -5910.095598 4614.768616 5205.106053 -2023.003496 -3730.185258 5400.326668
1228.328469 2149.307490 -1463.218141 -2023.003496 988.231315 2092.381765 -2193.258389
2411.471128 4135.112502 -2552.765014 -3730.185258 2092.381765 6150.913393 -5986.378121
-3049.207127 -6535.177271 5014.894117 5400.326668 -2193.258389 -5986.378121 7959.799116
5.736397 14.506475 -23.387589 -1.928626 -3.891997 -13.796142 -0.445869
14.506475 44.972506 -68.662594 -15.902896 -10.763941 -41.592380 -9.398822
-23.387589 -68.662594 109.039611 16.395637 16.339956 66.180989 8.696135
-1.928626 -15.902896 16.395637 30.554476 5.701195 20.817770 7.102938
-3.891997 -10.763941 16.339956 5.701195 5.033761 9.822577 1.916694
-13.796142 -41.592380 66.180989 20.817770 9.822577 66.478508 -15.982495
-0.445869 -9.398822 8.696135 7.102938 1.916694 -15.982495 28.865979
2.177962 2.586824 -2.017772 -3.273477 -0.865229 2.011059 -2.639469
2.586824 3.859266 -3.295764 -3.632033 -1.985603 5.318228 -7.137653
-2.017772 -3.295764 6.157868 -0.024039 0.387165 -5.548360 8.849181
-3.273477 -3.632033 -0.024039 7.939217 3.059127 -3.183445 2.491618
-0.865229 -1.985603 0.387165 3.059127 3.264124 -6.077650 6.913389
2.011059 5.318228 -5.548360 -3.183445 -6.077650 16.105414 -20.782847
-2.639469 -7.137653 8.849181 2.491618 6.913389 -20.782847 27.788770
0.597157 0.056664 -0.155950 0.247277 -0.164421 -0.659006 0.408723
0.056664 1.136991 0.023603 -0.769581 -1.611978 -0.993935 1.021919
-0.155950 0.023603 0.188389 0.141515 -0.007425 0.243832 -0.213305
0.247277 -0.769581 0.141515 1.259668 1.570663 0.293751 -0.476398
-0.164421 -1.611978 -0.007425 1.570663 3.442996 0.939439 -0.909905
-0.659006 -0.993935 0.243832 0.293751 0.939439 1.839242 -1.648304
0.408723 1.021919 -0.213305 -0.476398 -0.909905 -1.648304 1.574820
0.324886 0.365484 -0.440402 -0.185197 -0.161256 -0.367686 -0.010887
0.365484 0.885406 -0.449936 -0.818320 -0.672370 -0.130872 -0.520531
-0.440402 -0.449936 1.767273 0.007764 0.630466 0.842989 0.108447
-0.185197 -0.818320 0.007764 1.116410 0.696895 -0.270421 0.634690
-0.161256 -0.672370 0.630466 0.696895 0.779835 -0.000755 0.587046
-0.367686 -0.130872 0.842989 -0.270421 -0.000755 0.693269 -0.251042
-0.010887 -0.520531 0.108447 0.634690 0.587046 -0.251042 0.562567
23.060866 -127.218357 -68.401028 190.045216 -45.640350 -151.340941 132.875333
-127.218357 1339.138436 800.221950 -2146.228162 528.101692 1600.384682 -882.068876
-68.401028 800.221950 506.110802 -1319.274062 335.087745 994.449638 -497.816664
190.045216 -2146.228162 -1319.274062 3512.178914 -870.132596 -2624.387063 1373.741034
-45.640350 528.101692 335.087745 -870.132596 227.235173 648.661036 -326.599974
-151.340941 1600.384682 994.449638 -2624.387063 648.661036 1999.038301 -1074.618366
132.875333 -882.068876 -497.816664 1373.741034 -326.599974 -1074.618366 815.643806
0.336986 0.385278 -0.474675 -0.191280 -0.179044 -0.366807 -0.033155
0.385278 0.904968 -0.495167 -0.821821 -0.686932 -0.138225 -0.524566
-0.474675 -0.495167 1.885479 -0.001622 0.667528 0.843393 0.164020
-0.191280 -0.821821 -0.001622 1.125366 0.686941 -0.272738 0.616511
-0.179044 -0.686932 0.667528 0.686941 0.781802 0.004376 0.585876
-0.366807 -0.138225 0.843393 -0.272738 0.004376 0.663698 -0.215650
-0.033155 -0.524566 0.164020 0.616511 0.585876 -0.215650 0.536354
0.636754 0.058889 -0.197857 0.253061 -0.150685 -0.738892 0.480667
0.058889 1.194258 0.022327 -0.808333 -1.654703 -1.029495 1.066301
-0.197857 0.022327 0.246938 0.156067 -0.025155 0.329557 -0.289133
0.253061 -0.808333 0.156067 1.300538 1.620327 0.331107 -0.516696
-0.150685 -1.654703 -0.025155 1.620327 3.574861 0.944972 -0.919560
-0.738892 -1.029495 0.329557 0.331107 0.944972 1.963591 -1.762256
0.480667 1.066301 -0.289133 -0.516696 -0.919560 -1.762256 1.679821
16.253290 -45.537378 -19.314841 61.463889 -5.141778 -68.023858 89.780875
-45.537378 475.329273 272.190615 -778.321965 113.854042 667.517632 -370.675250
-19.314841 272.190615 191.296387 -489.315864 83.205455 440.435240 -189.657843
61.463889 -778.321965 -489.315864 1354.750446 -210.349044 -1171.785314 574.363759
-5.141778 113.854042 83.205455 -210.349044 41.224512 179.206611 -64.132590
-68.023858 667.517632 440.435240 -1171.785314 179.206611 1075.302782 -569.863683
89.780875 -370.675250 -189.657843 574.363759 -64.132590 -569.863683 554.003452
0.716034 0.579201 0.311837 -0.943891 0.073504 -0.555871 0.318127
0.579201 5.827512 1.137345 -6.821520 -0.797450 -0.646095 -0.094367
0.311837 1.137345 1.317385 -1.752915 0.079040 0.561057 -1.164537
-0.943891 -6.821520 -1.752915 9.977625 1.162503 1.266338 -0.781571
0.073504 -0.797450 0.079040 1.162503 0.761951 0.390760 1.548409
-0.555871 -0.646095 0.561057 1.266338 0.390760 1.349783 -1.074605
0.318127 -0.094367 -1.164537 -0.781571 1.548409 -1.074605 9.616458
4.340859 -2.503823 3.506775 -3.626096 -5.187240 1.277550 1.692518
-2.503823 34.453526 19.807831 -28.845777 -15.277129 -1.084233 9.434503
3.506775 19.807831 19.250886 -22.382821 -14.836953 3.670128 8.044029
-3.626096 -28.845777 -22.382821 33.118595 23.325832 1.801306 -4.412231
-5.187240 -15.277129 -14.836953 23.325832 19.985356 3.091553 5.902809
1.277550 -1.084233 3.670128 1.801306 3.091553 6.680517 13.062545
1.692518 9.434503 8.044029 -4.412231 5.902809 13.062545 85.586731
3.478276 2.931403 0.161207 -2.256250 -5.199814 -4.699424 2.826928
2.931403 15.732979 -0.578787 -16.681692 -4.426657 -2.620252 4.809196
0.161207 -0.578787 2.041975 2.817581 -2.442053 1.563428 -0.549842
-2.256250 -16.681692 2.817581 21.379862 4.768398 5.398746 -6.704791
-5.199814 -4.426657 -2.442053 4.768398 26.881489 16.498394 9.642522
-4.699424 -2.620252 1.563428 5.398746 16.498394 17.448808 13.567896
2.826928 4.809196 -0.549842 -6.704791 9.642522 13.567896 69.691394
3.139636 -3.100957 5.055442 -2.123164 -12.350791 -6.188193 -29.918333
-3.100957 14.707490 -2.862355 -19.207428 17.169146 3.380799 -14.226730
5.055442 -2.862355 10.895866 -8.376067 -15.487893 -6.834434 -59.401371
-2.123164 -19.207428 -8.376067 41.437218 -5.397850 8.657164 103.698099
-12.350791 17.169146 -15.487893 -5.397850 79.189368 20.402618 112.083053
-6.188193 3.380799 -6.834434 8.657164 20.402618 21.289886 58.163228
-29.918333 -14.226730 -59.401371 103.698099 112.083053 58.163228 607.672458
2.031347 2.671834 -1.190879 -2.813167 -0.976229 -0.786862 8.944039
2.671834 8.855251 -7.512855 -11.088615 -7.894260 -0.235107 8.738990
-1.190879 -7.512855 10.571851 9.977375 12.074642 4.603817 12.972762
-2.813167 -11.088615 9.977375 14.134469 10.639314 0.102951 -9.137638
-0.976229 -7.894260 12.074642 10.639314 13.937716 5.763302 17.091787
-0.786862 -0.235107 4.603817 0.102951 5.763302 8.311926 22.735406
8.944039 8.738990 12.972762 -9.137638 17.091787 22.735406 243.903117
27.579869 0.346272 40.917009 -61.218811 -8.551068 -21.804775 -299.806532
0.346272 42.963239 42.228988 -337.481094 -85.216264 -407.786702 -3310.076377
40.917009 42.228988 114.406610 -437.219138 -105.095090 -469.159631 -4006.494720
-61.218811 -337.481094 -437.219138 2894.209142 731.446232 3566.014806 28476.620619
-8.551068 -85.216264 -105.095090 731.446232 189.466051 935.347204 7378.589062
-21.804775 -407.786702 -469.159631 3566.014806 935.347204 4783.878075 36738.399392
-299.806532 -3310.076377 -4006.494720 28476.620619 7378.589062 36738.399392 288237.165199
1.637834 2.021280 -0.217440 -2.311612 1.564501 1.770819 17.379946
2.021280 11.006259 -7.360195 -14.602225 0.125328 3.992146 18.589441
-0.217440 -7.360195 12.108192 10.045222 8.100257 4.358854 9.494330
-2.311612 -14.602225 10.045222 19.510185 0.216814 -4.888619 -21.263502
1.564501 0.125328 8.100257 0.216814 12.818047 4.257742 9.063047
1.770819 3.992146 4.358854 -4.888619 4.257742 13.190375 44.522311
17.379946 18.589441 9.494330 -21.263502 9.063047 44.522311 314.975414
28.878654 3.506712 42.456091 -40.676865 -58.047573 4.346572 -14.388993
3.506712 34.735823 29.039542 -49.829484 78.335412 57.679497 47.500160
42.456091 29.039542 87.782756 -90.128016 -4.288042 63.616051 3.581852
-40.676865 -49.829484 -90.128016 131.755628 -64.011798 -91.678667 36.824133
-58.047573 78.335412 -4.288042 -64.011798 656.142517 319.872684 227.027749
4.346572 57.679497 63.616051 -91.678667 319.872684 214.011768 170.400422
-14.388993 47.500160 3.581852 36.824133 227.027749 170.400422 963.084326
1.183301 0.005794 2.004624 -3.079374 -5.016357 -3.409563 -21.075551
0.005794 19.990825 3.490363 -31.361006 19.621785 7.557495 -18.972863
2.004624 3.490363 7.411345 -15.093251 -1.475343 -2.516074 -60.479143
-3.079374 -31.361006 -15.093251 63.559342 -25.344726 -4.608662 117.702220
-5.016357 19.621785 -1.475343 -25.344726 69.188340 18.787300 77.189144
-3.409563 7.557495 -2.516074 -4.608662 18.787300 15.157494 43.587780
-21.075551 -18.972863 -60.479143 117.702220 77.189144 43.587780 805.273189
2.841252 3.558432 0.456025 -3.805998 -3.635185 -3.066865 3.070862
3.558432 12.055386 -0.245692 -16.080819 -7.046679 -6.679306 5.565129
0.456025 -0.245692 2.863377 2.496978 -1.732418 4.276489 -0.405564
-3.805998 -16.080819 2.496978 23.376041 8.122593 11.295432 -8.503766
-3.635185 -7.046679 -1.732418 8.122593 17.285643 7.836528 8.708272
-3.066865 -6.679306 4.276489 11.295432 7.836528 16.442423 10.981972
3.070862 5.565129 -0.405564 -8.503766 8.708272 10.981972 65.012280
0.524744 0.788068 0.222100 -0.775909 -0.067866 -0.457620 -0.309490
0.788068 7.206532 0.552952 -9.841608 -1.358581 -2.885355 -0.876610
0.222100 0.552952 0.732743 -1.144700 -0.348812 0.016768 -2.048075
-0.775909 -9.841608 -1.144700 14.144414 2.080509 3.699330 1.823029
-0.067866 -1.358581 -0.348812 2.080509 0.533556 0.391322 1.851764
-0.457620 -2.885355 0.016768 3.699330 0.391322 1.422357 -0.897497
-0.309490 -0.876610 -2.048075 1.823029 1.851764 -0.897497 13.808257
8.007972 4.087817 5.900579 -22.551064 2.566290 3.302363 0.039236
4.087817 38.416101 17.058442 -57.171892 4.537402 1.199574 1.696367
5.900579 17.058442 10.515013 -33.519023 0.831890 1.924890 -0.029619
-22.551064 -57.171892 -33.519023 121.928393 -14.877069 -9.691644 -3.178316
2.566290 4.537402 0.831890 -14.877069 15.352902 5.918660 3.708631
3.302363 1.199574 1.924890 -9.691644 5.918660 3.678517 1.041383
0.039236 1.696367 -0.029619 -3.178316 3.708631 1.041383 1.014931
6.761577 2.466802 11.602558 -12.385148 -3.399059 7.707780 -1.914921
2.466802 58.626103 37.757575 -67.445510 -12.915699 5.473500 -3.398909
11.602558 37.757575 39.638755 -58.005998 -12.679094 14.941796 -5.009288
-12.385148 -67.445510 -58.005998 91.543345 18.882793 -17.153530 7.371850
-3.399059 -12.915699 -12.679094 18.882793 4.250708 -4.462257 0.502298
7.707780 5.473500 14.941796 -17.153530 -4.462257 9.046773 -2.450939
-1.914921 -3.398909 -5.009288 7.371850 0.502298 -2.450939 7.691196
1.757716 2.121193 0.081399 -0.863253 -1.342084 -0.831404 2.105037
2.121193 13.629556 -0.302799 -14.408854 -3.802684 -3.057709 3.823280
0.081399 -0.302799 1.915461 2.432954 -1.756479 1.904131 -0.822541
-0.863253 -14.408854 2.432954 18.797796 0.207198 4.365942 -5.394477
-1.342084 -3.802684 -1.756479 0.207198 13.791175 2.339941 10.463504
-0.831404 -3.057709 1.904131 4.365942 2.339941 6.106558 12.646142
2.105037 3.823280 -0.822541 -5.394477 10.463504 12.646142 65.512958
0.945161 0.278149 0.372367 -0.902185 -0.542425 -0.835679 0.143435
0.278149 6.078684 1.101151 -6.505779 -0.043235 -0.065453 -0.203730
0.372367 1.101151 1.233627 -1.828183 -0.371972 0.276400 -1.460452
-0.902185 -6.505779 -1.828183 9.261969 1.293696 0.795670 -0.201474
-0.542425 -0.043235 -0.371972 1.293696 1.637096 0.845645 2.992191
-0.835679 -0.065453 0.276400 0.795670 0.845645 1.299593 -0.411820
0.143435 -0.203730 -1.460452 -0.201474 2.992191 -0.411820 15.007127
