0.321486	1.012943	-0.721338
0.144996	-0.357378	-0.092947
-0.070946	0.173858	0.045766
0.196411	-0.766024	0.855848
0.213499	-0.147193	-0.262803
-0.036541	0.045798	0.009114
-0.721420	1.012943	0.321396
-0.093036	-0.357378	0.145028
0.045765	0.173858	-0.070929
-0.525634	1.010051	0.159309	0.659238
-0.031759	-0.352292	0.235247	-0.170347
0.091426	0.177584	-0.133417	-0.183847
0.196376	0.855848	-0.766053
0.213506	-0.262803	-0.147231
-0.036534	0.009114	0.045795
0.321468	-0.721354	1.012943
0.145003	-0.092964	-0.357378
-0.070943	0.045765	0.173858
0.127848	1.012943	-0.847319	-0.081508	0.659104
0.245537	-0.357378	-0.296344	0.253676	-0.170462
-0.118625	0.173858	0.012734	0.211876	-0.183857
-0.004698	-0.613640	1.013494	0.608502	-0.413975	-0.878356	0.673534	0.536523	0.345568
0.361179	0.104994	-0.358097	0.077710	0.276503	-0.436189	-0.152335	-0.096189	0.148153
0.019300	0.137480	0.173155	0.276402	-0.144597	0.009546	-0.179253	-0.153860	-0.170842
-0.713417	0.336516	1.013914
-0.084498	0.137187	-0.358504
0.045942	-0.070063	0.172664
0.321476	-0.721347	1.012943
0.145000	-0.092956	-0.357378
-0.070944	0.045765	0.173858
0.196376	0.855848	-0.766053
0.213506	-0.262803	-0.147231
-0.036534	0.009114	0.045795
0.321468	-0.721354	1.012943
0.145003	-0.092964	-0.357378
-0.070943	0.045765	0.173858
-1.884446	-0.906889	-1.236280
-1.782163	-1.220101	-1.639079
2.792527	2.792527	2.792527
0.293654	0.604421	0.825962
0.528962	0.891510	0.805995
1.327990	0.397396	0.941042
-0.355921	-0.208586	-0.202810
-1.877929	-1.204064	-0.900453
-1.784682	-1.598836	-1.215650
2.792527	2.792527	2.792527
0.302525	0.803002	0.614318
0.533080	0.811910	0.897496
1.326052	0.899554	0.372681
-0.355161	-0.200240	-0.210216
-0.906889	-1.884376	-1.236227
-1.220101	-1.782189	-1.639023
2.792527	2.792527	2.792527
0.604421	0.293740	0.825973
0.891510	0.528994	0.806015
0.397397	1.327959	0.940997
-0.208587	-0.355912	-0.202790
