0.511232	0.108525	0.380243
0.470063	0.336569	0.193368
0.380169	0.108525	0.511306
0.457539	0.116137	0.315755	0.110569
0.470090	0.193368	0.336541
0.511247	0.380228	0.108525
0.345274	0.108523	0.250145	0.185321	0.110737
0.125920	0.173426	0.106033	0.062866	0.123005	0.140024	0.090897	0.065633	0.112196
0.387315	0.509142	0.103542
0.511240	0.380235	0.108525
0.470090	0.193368	0.336541
0.511247	0.380228	0.108525
0.394042	0.234645	0.371314
0.401940	0.398717	0.199344
0.234643	0.394113	0.371243
